                                                                

"GrassLight Ver. "        2.15                                                            
 "Run Input Conditions"
 "Canopy ht (mm)="     1000.
 "Shoot density (shoots/m^2)="       79.
 "Shoot area (m^2/shoot)="    0.0063
 "Shoor:Root ratio="    3.1000
 "Bending angle at 0 flow (deg) ="   10.0000
 "Bending angle with flow (deg) ="**********
 "Avg cosine Ed at top of canopy ="    0.8000
 "Current speed (cm/s) ="    0.0000
 "Seawater pH="    7.5000
 "Water temperature (∞C) ="   11.0000
 "Photoperiod (h)="    9.3900
 "Irradiance and water column IOPs from "example.irr     
 "Sediment reflectance from "silica.bot      
 "Leaf IOPs from "zostera.lop     

 "Shoot density (shoots/m2) = "   79.
 "Ed (W/m2/nm) as a function of canopy height:"
"Height (m)" "Wavel (nm)"           400.           410.           420.           430.           440.           450.           460.           470.           480.           490.           500.           510.           520.           530.           540.           550.           560.           570.           580.           590.           600.           610.           620.           630.           640.           650.           660.           670.           680.           690.           700.
      0.99         0.0180         0.0270         0.0380         0.0450         0.0660         0.1010         0.1250         0.1470         0.1830         0.1950         0.2280         0.2580         0.2600         0.3070         0.3230         0.3510         0.3640         0.3760         0.3870         0.3260         0.3050         0.2940         0.2920         0.2810         0.2770         0.2490         0.2010         0.1880         0.1770         0.1620         0.1480
      0.95         0.0161         0.0244         0.0346         0.0412         0.0607         0.0935         0.1163         0.1374         0.1717         0.1837         0.2156         0.2451         0.2481         0.2938         0.3098         0.3372         0.3502         0.3620         0.3724         0.3132         0.2921         0.2811         0.2791         0.2685         0.2644         0.2371         0.1905         0.1774         0.1668         0.1534         0.1403
      0.90         0.0140         0.0214         0.0306         0.0367         0.0545         0.0846         0.1059         0.1257         0.1579         0.1697         0.2003         0.2292         0.2333         0.2776         0.2934         0.3201         0.3330         0.3445         0.3542         0.2973         0.2761         0.2652         0.2630         0.2529         0.2487         0.2221         0.1774         0.1642         0.1542         0.1427         0.1311
      0.85         0.0120         0.0186         0.0269         0.0325         0.0485         0.0759         0.0957         0.1142         0.1442         0.1557         0.1849         0.2132         0.2187         0.2614         0.2772         0.3030         0.3158         0.3269         0.3358         0.2812         0.2600         0.2492         0.2469         0.2372         0.2328         0.2070         0.1642         0.1510         0.1415         0.1322         0.1221
      0.80         0.0103         0.0160         0.0233         0.0284         0.0428         0.0675         0.0856         0.1027         0.1304         0.1414         0.1692         0.1970         0.2039         0.2451         0.2607         0.2856         0.2982         0.3088         0.3168         0.2645         0.2435         0.2328         0.2303         0.2211         0.2164         0.1912         0.1506         0.1375         0.1286         0.1215         0.1132
      0.75         0.0086         0.0136         0.0200         0.0245         0.0371         0.0590         0.0754         0.0909         0.1160         0.1266         0.1527         0.1801         0.1885         0.2283         0.2437         0.2675         0.2799         0.2897         0.2966         0.2469         0.2262         0.2156         0.2129         0.2042         0.1992         0.1745         0.1363         0.1233         0.1150         0.1104         0.1044
      0.70         0.0071         0.0113         0.0167         0.0206         0.0314         0.0505         0.0649         0.0786         0.1010         0.1108         0.1351         0.1620         0.1722         0.2105         0.2256         0.2483         0.2602         0.2691         0.2747         0.2277         0.2075         0.1972         0.1942         0.1860         0.1805         0.1564         0.1209         0.1081         0.1004         0.0986         0.0954
      0.65         0.0056         0.0090         0.0135         0.0167         0.0257         0.0417         0.0540         0.0657         0.0849         0.0937         0.1160         0.1423         0.1546         0.1912         0.2060         0.2274         0.2386         0.2462         0.2503         0.2064         0.1870         0.1770         0.1735         0.1659         0.1599         0.1363         0.1041         0.0917         0.0848         0.0859         0.0859
      0.60         0.0042         0.0069         0.0103         0.0129         0.0199         0.0327         0.0428         0.0523         0.0679         0.0755         0.0953         0.1208         0.1351         0.1700         0.1843         0.2041         0.2145         0.2205         0.2227         0.1824         0.1641         0.1545         0.1506         0.1436         0.1370         0.1141         0.0858         0.0741         0.0680         0.0722         0.0759
      0.55         0.0030         0.0049         0.0074         0.0092         0.0143         0.0239         0.0315         0.0387         0.0506         0.0568         0.0736         0.0976         0.1138         0.1465         0.1601         0.1780         0.1873         0.1914         0.1915         0.1554         0.1386         0.1296         0.1253         0.1191         0.1120         0.0902         0.0665         0.0559         0.0508         0.0576         0.0653
      0.50         0.0019         0.0031         0.0047         0.0060         0.0093         0.0157         0.0210         0.0259         0.0340         0.0387         0.0520         0.0735         0.0910         0.1209         0.1335         0.1491         0.1571         0.1591         0.1570         0.1258         0.1110         0.1029         0.0983         0.0929         0.0856         0.0658         0.0472         0.0382         0.0342         0.0427         0.0539
      0.45         0.0010         0.0017         0.0026         0.0033         0.0052         0.0090         0.0122         0.0150         0.0199         0.0230         0.0325         0.0503         0.0676         0.0939         0.1052         0.1182         0.1246         0.1244         0.1204         0.0948         0.0826         0.0756         0.0711         0.0667         0.0597         0.0429         0.0296         0.0229         0.0201         0.0286         0.0422
      0.40         0.0005         0.0008         0.0012         0.0015         0.0024         0.0043         0.0059         0.0073         0.0097         0.0114         0.0173         0.0303         0.0457         0.0674         0.0769         0.0870         0.0917         0.0899         0.0846         0.0651         0.0557         0.0502         0.0461         0.0429         0.0369         0.0242         0.0159         0.0114         0.0098         0.0168         0.0308
      0.35         0.0002         0.0003         0.0005         0.0006         0.0009         0.0016         0.0023         0.0028         0.0038         0.0046         0.0076         0.0157         0.0275         0.0440         0.0514         0.0588         0.0619         0.0591         0.0536         0.0400         0.0335         0.0296         0.0263         0.0242         0.0197         0.0114         0.0070         0.0046         0.0038         0.0084         0.0206
      0.30         0.0001         0.0001         0.0001         0.0002         0.0003         0.0005         0.0007         0.0009         0.0012         0.0015         0.0028         0.0070         0.0148         0.0261         0.0314         0.0363         0.0382         0.0353         0.0306         0.0220         0.0179         0.0154         0.0132         0.0119         0.0091         0.0045         0.0026         0.0015         0.0012         0.0036         0.0126
      0.25         0.0000         0.0000         0.0000         0.0000         0.0001         0.0001         0.0002         0.0002         0.0003         0.0004         0.0009         0.0028         0.0072         0.0143         0.0179         0.0209         0.0220         0.0195         0.0160         0.0110         0.0087         0.0073         0.0060         0.0053         0.0037         0.0016         0.0008         0.0004         0.0003         0.0013         0.0072
      0.20         0.0000         0.0000         0.0000         0.0000         0.0000         0.0000         0.0000         0.0001         0.0001         0.0001         0.0002         0.0010         0.0033         0.0075         0.0097         0.0115         0.0120         0.0102         0.0080         0.0052         0.0040         0.0032         0.0025         0.0022         0.0014         0.0005         0.0002         0.0001         0.0001         0.0005         0.0040
      0.15         0.0000         0.0000         0.0000         0.0000         0.0000         0.0000         0.0000         0.0000         0.0000         0.0000         0.0001         0.0004         0.0015         0.0038         0.0051         0.0062         0.0065         0.0053         0.0038         0.0024         0.0018         0.0014         0.0010         0.0009         0.0005         0.0001         0.0001         0.0000         0.0000         0.0002         0.0021
      0.10         0.0000         0.0000         0.0000         0.0000         0.0000         0.0000         0.0000         0.0000         0.0000         0.0000         0.0000         0.0001         0.0007         0.0019         0.0027         0.0033         0.0034         0.0027         0.0018         0.0011         0.0008         0.0006         0.0004         0.0003         0.0002         0.0000         0.0000         0.0000         0.0000         0.0000         0.0011
      0.05         0.0000         0.0000         0.0000         0.0000         0.0000         0.0000         0.0000         0.0000         0.0000         0.0000         0.0000         0.0000         0.0003         0.0010         0.0014         0.0017         0.0018         0.0014         0.0009         0.0005         0.0003         0.0002         0.0002         0.0001         0.0001         0.0000         0.0000         0.0000         0.0000         0.0000         0.0006
      0.00         0.0000         0.0000         0.0000         0.0000         0.0000         0.0000         0.0000         0.0000         0.0000         0.0000         0.0000         0.0000         0.0002         0.0006         0.0008         0.0011         0.0011         0.0008         0.0005         0.0003         0.0002         0.0001         0.0001         0.0001         0.0000         0.0000         0.0000         0.0000         0.0000         0.0000         0.0004



 "Eu (W/m2/nm) as a function of depth:"
"Height (m)" "Wavel (nm)"           400.           410.           420.           430.           440.           450.           460.           470.           480.           490.           500.           510.           520.           530.           540.           550.           560.           570.           580.           590.           600.           610.           620.           630.           640.           650.           660.           670.           680.           690.           700.
      0.98         0.0000         0.0001         0.0001         0.0001         0.0002         0.0003         0.0004         0.0005         0.0006         0.0007         0.0009         0.0014         0.0022         0.0035         0.0041         0.0047         0.0049         0.0045         0.0040         0.0029         0.0024         0.0021         0.0019         0.0018         0.0015         0.0011         0.0008         0.0006         0.0005         0.0007         0.0016
      0.95         0.0000         0.0001         0.0001         0.0001         0.0002         0.0003         0.0004         0.0005         0.0006         0.0007         0.0010         0.0015         0.0022         0.0036         0.0042         0.0048         0.0050         0.0046         0.0040         0.0030         0.0025         0.0022         0.0020         0.0018         0.0016         0.0011         0.0008         0.0006         0.0006         0.0007         0.0016
      0.90         0.0000         0.0001         0.0001         0.0001         0.0002         0.0003         0.0004         0.0005         0.0006         0.0007         0.0010         0.0015         0.0023         0.0037         0.0043         0.0050         0.0051         0.0047         0.0041         0.0031         0.0025         0.0022         0.0020         0.0019         0.0016         0.0011         0.0008         0.0006         0.0006         0.0008         0.0017
      0.85         0.0000         0.0001         0.0001         0.0001         0.0002         0.0003         0.0004         0.0005         0.0007         0.0007         0.0010         0.0015         0.0023         0.0038         0.0044         0.0051         0.0052         0.0048         0.0042         0.0031         0.0026         0.0023         0.0020         0.0019         0.0016         0.0011         0.0008         0.0006         0.0006         0.0008         0.0017
      0.80         0.0000         0.0001         0.0001         0.0001         0.0002         0.0003         0.0004         0.0005         0.0006         0.0007         0.0010         0.0015         0.0024         0.0038         0.0045         0.0052         0.0053         0.0049         0.0043         0.0031         0.0026         0.0023         0.0021         0.0019         0.0016         0.0011         0.0008         0.0006         0.0006         0.0008         0.0018
      0.75         0.0000         0.0001         0.0001         0.0001         0.0002         0.0003         0.0004         0.0005         0.0006         0.0007         0.0010         0.0015         0.0024         0.0039         0.0046         0.0052         0.0054         0.0049         0.0043         0.0031         0.0026         0.0023         0.0021         0.0019         0.0016         0.0011         0.0008         0.0006         0.0005         0.0008         0.0018
      0.70         0.0000         0.0001         0.0001         0.0001         0.0002         0.0003         0.0004         0.0005         0.0006         0.0007         0.0009         0.0015         0.0024         0.0039         0.0045         0.0052         0.0053         0.0049         0.0042         0.0031         0.0026         0.0022         0.0020         0.0019         0.0016         0.0011         0.0007         0.0006         0.0005         0.0007         0.0018
      0.65         0.0000         0.0001         0.0001         0.0001         0.0002         0.0003         0.0003         0.0004         0.0005         0.0006         0.0009         0.0014         0.0023         0.0038         0.0044         0.0051         0.0052         0.0047         0.0041         0.0030         0.0025         0.0022         0.0019         0.0018         0.0015         0.0010         0.0007         0.0005         0.0005         0.0007         0.0018
      0.60         0.0000         0.0000         0.0001         0.0001         0.0001         0.0002         0.0003         0.0004         0.0005         0.0005         0.0008         0.0013         0.0021         0.0036         0.0042         0.0048         0.0050         0.0045         0.0038         0.0028         0.0023         0.0020         0.0018         0.0016         0.0014         0.0009         0.0006         0.0005         0.0004         0.0006         0.0017
      0.55         0.0000         0.0000         0.0001         0.0001         0.0001         0.0002         0.0002         0.0003         0.0004         0.0004         0.0006         0.0011         0.0019         0.0032         0.0039         0.0044         0.0046         0.0041         0.0035         0.0025         0.0020         0.0018         0.0016         0.0014         0.0012         0.0007         0.0005         0.0004         0.0003         0.0005         0.0015
      0.50         0.0000         0.0000         0.0000         0.0000         0.0001         0.0001         0.0002         0.0002         0.0003         0.0003         0.0005         0.0009         0.0016         0.0028         0.0034         0.0039         0.0040         0.0036         0.0030         0.0021         0.0017         0.0015         0.0013         0.0012         0.0009         0.0006         0.0004         0.0003         0.0002         0.0004         0.0014
      0.45         0.0000         0.0000         0.0000         0.0000         0.0000         0.0001         0.0001         0.0001         0.0002         0.0002         0.0003         0.0006         0.0012         0.0023         0.0028         0.0032         0.0033         0.0029         0.0024         0.0017         0.0013         0.0011         0.0010         0.0009         0.0007         0.0004         0.0002         0.0002         0.0001         0.0003         0.0011
      0.40         0.0000         0.0000         0.0000         0.0000         0.0000         0.0000         0.0001         0.0001         0.0001         0.0001         0.0002         0.0004         0.0009         0.0017         0.0021         0.0025         0.0026         0.0022         0.0017         0.0012         0.0009         0.0008         0.0007         0.0006         0.0004         0.0002         0.0001         0.0001         0.0001         0.0002         0.0009
      0.35         0.0000         0.0000         0.0000         0.0000         0.0000         0.0000         0.0000         0.0000         0.0000         0.0000         0.0001         0.0002         0.0006         0.0012         0.0015         0.0017         0.0018         0.0015         0.0011         0.0008         0.0006         0.0005         0.0004         0.0003         0.0003         0.0001         0.0001         0.0000         0.0000         0.0001         0.0006
      0.30         0.0000         0.0000         0.0000         0.0000         0.0000         0.0000         0.0000         0.0000         0.0000         0.0000         0.0000         0.0001         0.0003         0.0007         0.0009         0.0011         0.0011         0.0009         0.0007         0.0004         0.0003         0.0003         0.0002         0.0002         0.0001         0.0000         0.0000         0.0000         0.0000         0.0000         0.0004
      0.25         0.0000         0.0000         0.0000         0.0000         0.0000         0.0000         0.0000         0.0000         0.0000         0.0000         0.0000         0.0000         0.0002         0.0004         0.0005         0.0007         0.0007         0.0005         0.0004         0.0002         0.0002         0.0001         0.0001         0.0001         0.0001         0.0000         0.0000         0.0000         0.0000         0.0000         0.0002
      0.20         0.0000         0.0000         0.0000         0.0000         0.0000         0.0000         0.0000         0.0000         0.0000         0.0000         0.0000         0.0000         0.0001         0.0002         0.0003         0.0004         0.0004         0.0003         0.0002         0.0001         0.0001         0.0001         0.0000         0.0000         0.0000         0.0000         0.0000         0.0000         0.0000         0.0000         0.0001
      0.15         0.0000         0.0000         0.0000         0.0000         0.0000         0.0000         0.0000         0.0000         0.0000         0.0000         0.0000         0.0000         0.0000         0.0001         0.0002         0.0002         0.0002         0.0002         0.0001         0.0001         0.0000         0.0000         0.0000         0.0000         0.0000         0.0000         0.0000         0.0000         0.0000         0.0000         0.0001
      0.10         0.0000         0.0000         0.0000         0.0000         0.0000         0.0000         0.0000         0.0000         0.0000         0.0000         0.0000         0.0000         0.0000         0.0001         0.0001         0.0002         0.0002         0.0001         0.0001         0.0000         0.0000         0.0000         0.0000         0.0000         0.0000         0.0000         0.0000         0.0000         0.0000         0.0000         0.0001
      0.05         0.0000         0.0000         0.0000         0.0000         0.0000         0.0000         0.0000         0.0000         0.0000         0.0000         0.0000         0.0000         0.0000         0.0001         0.0001         0.0002         0.0002         0.0001         0.0001         0.0000         0.0000         0.0000         0.0000         0.0000         0.0000         0.0000         0.0000         0.0000         0.0000         0.0000         0.0001
      0.00         0.0000         0.0000         0.0000         0.0000         0.0000         0.0000         0.0000         0.0000         0.0000         0.0000         0.0000         0.0000         0.0000         0.0001         0.0002         0.0002         0.0002         0.0002         0.0001         0.0001         0.0000         0.0000         0.0000         0.0000         0.0000         0.0000         0.0000         0.0000         0.0000         0.0000         0.0001



 "DENSITY (shoots/m2)"         79.
 "LAI (m2/m2)"                 12.901
 "BIOMASS (rel)"                1.0000
 "pH"                           7.50
 "Photoperiod (h)"              9.39
 "Shoot:Root"                   3.100
 "Hsat requirement (h)"         4.188
 "Pmax (rel)"                   1.521
 "Canopy Integrated P"        0.238
 "Canopy Integrated R"        0.178
 "Daily P (Hsat equiv)"         1.544
 "Whole plant P:R (per d)"      0.37




 "Parameter values below are for specified height layers; they are NOT canopy integrals."
 Height_(m)         Biomass_rel)       LAI_(m2/m2)         LAP_(m2/m2)         Noon_P(rel)
    0.98           0.333E-03           0.429E-02           0.746E-03           0.469E-03
    0.88           0.550E-03           0.709E-02           0.123E-02           0.753E-03
    0.78           0.957E-03           0.123E-01           0.214E-02           0.126E-02
    0.68           0.177E-02           0.228E-01           0.397E-02           0.217E-02
    0.58           0.347E-02           0.448E-01           0.778E-02           0.373E-02
    0.48           0.703E-02           0.907E-01           0.157E-01           0.570E-02
    0.38           0.133E-01           0.171               0.298E-01           0.585E-02
    0.28           0.200E-01           0.258               0.448E-01           0.299E-02
    0.18           0.232E-01           0.299               0.519E-01           0.864E-03
    0.08           0.237E-01           0.305               0.530E-01           0.214E-03
 ------------------------------------